SID,Name,Price,Advice
2455,全新,310.5,⏳ 觀望
